
gamma: 0

top1: 0.36619718309859156
top3: 0.5093896713615024
top5: 0.5492957746478874
top10: 0.5610328638497653
MRR: 0.44377959804413936

----------------------------------------------------

gamma: 10

top1: 0.3615023474178404
top3: 0.5140845070422535
top5: 0.5563380281690141
top10: 0.5704225352112676
MRR: 0.4442143349360148


----------------------------------------------------

gamma: 100

top1: 0.3591549295774648
top3: 0.5140845070422535
top5: 0.5563380281690141
top10: 0.5704225352112676
MRR: 0.4426493897090978